-9.226893046468724879e-01 8.265023351703788990e+00
-1.209537842171956035e+00 3.065570934544029402e+00
2.518111090638985416e+00 1.515326957207597136e+00
2.418339571882178074e+00 1.434997251268731233e+00
1.034905059175408315e+00 4.653559535300366257e+00
9.509672077721477157e-01 4.131655012014445738e+00
8.751937681901015509e+00 -1.937335172968863928e+00
3.001745932924489990e-01 3.865380675729495064e+00
1.376099927765643605e+00 4.027355455015258379e+00
3.165022269440659564e+00 7.691636662178863437e-01
9.314414746508981935e+00 -2.494535284171493839e+00
-9.897930937787653427e-01 7.745525060601710088e+00
1.239399086130589911e+00 8.728231730031563718e-01
4.882515230239733439e-01 3.423932730766881427e+00
1.636065836078762992e+00 4.696945565881948781e+00
1.062696221243021766e+00 5.176351431626175170e+00
9.605731757016648942e+00 -2.733245162120823135e+00
2.909057619342541479e+00 1.135315610911872941e+00
2.245928625165393155e-01 4.770281540947536314e+00
-3.770684590948185644e-01 3.690283221267027791e+00
8.810784629596646766e+00 -2.619676828008083103e+00
9.780252571821089091e+00 -2.736525920062483408e+00
-2.415651590540284666e+00 2.154347380313732518e+00
1.246512267855405698e+00 4.407196269840014669e-01
-1.004326943918933512e+00 2.391099891411600620e+00
-1.169108721273703022e+00 6.647120661000229802e+00
-2.002276010305592102e+00 2.598918716526249728e+00
-1.077381415265532327e+00 7.649833459911577371e+00
9.180233725149591351e+00 -2.291533466412549735e+00
9.402587042293797381e+00 -1.990365207948593396e+00
4.389901418302897262e-01 4.535928826163947214e+00
9.016033970669088404e+00 -2.713873957368595935e+00
9.296126010128226369e+00 -2.678520507450369958e+00
2.225835323917206843e+00 1.943264928331315478e+00
9.754486253264895268e+00 -3.439088812483249491e+00
1.011416925962373448e+01 -2.236109315413126630e+00
1.933529416972877613e+00 8.317339923523485723e-01
-1.188732857227248862e+00 8.781239399218224051e+00
9.513786617483059871e+00 -2.336963965404190269e+00
9.340897974762029321e+00 -1.936809009301579065e+00
2.535606403491475813e+00 9.446197650349336117e-01
-5.795848965720125090e-01 2.440581931301148089e+00
3.600867297152501312e-01 7.714974907244195101e+00
1.582065968727258243e+00 1.554446684765191655e+00
2.877888870998336346e-01 4.041095300601729612e+00
-1.560115542035339198e+00 2.759519852177509947e+00
5.716704821520695035e-01 4.322885662413000318e+00
-1.645943351313932768e+00 2.974397641519210822e+00
6.774506081311121308e-01 5.461506559738581679e+00
-1.458125082813072293e+00 9.049543185503578613e+00
2.186973254908704867e+00 1.133501420325991882e+00
1.360348994205050399e+00 3.333613700861889129e+00
-1.701533410565530202e+00 7.114739104231160738e+00
1.617375718136100371e+00 4.031755845137557692e+00
8.156299564101151534e-01 3.626980528566385864e+00
9.679789430173217468e+00 -1.546859316435690967e+00
8.816698688482055291e-01 5.657821425827315842e+00
9.503849253147333087e+00 -1.725342510597416723e+00
1.215697885930573152e+00 2.640231673592399630e+00
1.823145013322490016e+00 5.914880161577598106e-01
8.652378759408901887e-01 3.819198234878576681e+00
9.549731806641339915e+00 -2.571761318222286263e+00
8.262544856765657642e+00 -1.847231362746689642e+00
4.318910599165497466e-01 4.334954564926073672e+00
1.965151037871030848e+00 4.402323980740790788e+00
-8.088013688932245149e-01 7.610326575185190734e+00
-1.536400999789084176e+00 7.521509449610657150e+00
2.489127817675556908e+00 9.124309350866838253e-01
-2.189673971737787994e+00 2.899320506968747324e+00
9.284431632417399882e+00 -1.698574638541998860e+00
-8.780783925469916040e-01 2.539056668263489414e+00
7.547609757810289643e-01 4.160159820902833872e+00
9.794659015711843608e+00 -2.220660864662317824e+00
-1.391555015080623292e+00 3.751369450739879152e+00
2.617134956931547407e+00 8.766065538161346149e-01
8.922799081943635358e+00 -2.130106251366846060e+00
9.322821829314307251e+00 -2.824090333696161803e+00
2.381254656265389791e+00 1.161089434541162424e+00
1.287454017510334392e+00 5.464049373712732693e-01
2.324184692086865400e+00 1.915372603634833082e+00
-1.284428294929621739e+00 8.002308644422360118e+00
-1.318002472076820197e+00 3.315837115140626956e+00
8.678852651644296756e+00 -2.932770775906320182e+00
-2.734032204768730878e+00 3.271704424677956968e+00
1.923542904434150103e+00 2.472416875347761556e-01
-7.726427151613646238e-02 4.574348004531938905e+00
-1.850849402074918437e+00 7.236544978702475817e+00
9.070045898753347657e+00 -1.110312097071753268e+00
9.409662780106675228e+00 -1.362619895116309099e+00
1.494931797862198319e+00 3.858488315204525065e+00
5.177837242026293030e-01 3.441112443167442692e+00
-1.341905265646298195e+00 2.091032181094676368e+00
-9.468588307012824057e-01 7.318099815789651963e+00
6.367632311481699059e-01 9.098641689610827976e-01
1.082725763898746862e+00 4.062718765723432490e+00
5.534499130327548144e-01 4.869743762430086775e+00
-1.561827424585237045e+00 8.461246572429420354e+00
-1.533591380327010034e+00 2.924781601255160179e+00
-1.563886844525234299e+00 2.058240967372658048e+00
-2.510188397495212165e+00 2.477894576782923242e+00
-1.044820221180692066e+00 7.481680790470976561e+00
-1.402889706197103514e+00 3.236507765519958557e+00
-9.508753685319486504e-01 2.667982811871107529e+00
1.006233780945317058e+01 -2.525244106974499747e+00
-2.152781712043118745e+00 2.403635348130424010e+00
2.825606194533474280e-01 4.772506188474386235e+00
4.435986299684274714e-01 3.115309446514033631e+00
9.224768242254341999e+00 -2.753485045078713611e+00
-7.322887632244019507e-01 2.814561785714993380e+00
6.178804371672774742e-01 4.161034289606785563e+00
1.379646932753956445e+00 4.548264429193055847e+00
1.202125397239872662e+00 3.644146853097873340e+00
-1.692997810086238397e+00 3.592225444701786063e+00
1.290236074865547256e+00 4.200859528715040980e+00
1.727840337022208406e+00 -2.330878470497317334e-01
1.481248836990676887e+00 4.154112179351820977e+00
9.523967431950982387e+00 -2.355180858695425261e+00
-1.364201902439518888e+00 2.436984130096497836e+00
9.874053820428624562e+00 -1.972842120842390523e+00
7.029505764360891584e-01 4.314274822863423786e+00
1.190089916851136298e+00 4.727731228363558635e+00
-1.397924658846249280e+00 2.976213800534873499e+00
-1.282458857471739933e-01 8.289941013678436832e+00
-1.207745660441555291e+00 8.302022498383340832e+00
-1.383416664829633103e+00 3.756620017985163873e+00
1.522377423402050178e+00 4.494118256563170988e+00
1.422490443041869668e+00 1.389812362332745632e+00
2.060444260783423687e+00 1.213866185010732623e+00
-1.587554458570944016e+00 8.121078845704463589e+00
9.363746133820143314e+00 -2.484452095197107191e+00
1.773949008652800696e+00 -4.232011113623979082e-01
-6.719214400718132030e-01 7.970964302803207779e+00
1.925097779470888559e+00 1.164899610474815272e+00
9.738269167955088790e+00 -2.071467050584449243e+00
-1.076648258559279370e+00 8.422600394109219124e+00
4.096023249955448309e-01 4.057757511526860483e+00
2.409195413873589597e+00 6.793483739554628809e-01
9.616744039071336569e-01 3.860968781924976945e+00
1.689087953957876032e+00 4.493952894603300052e+00
2.818569230319829533e-01 4.116411976772973880e+00
1.800469539973158506e+00 3.996849014151597212e-01
1.010757559026494867e+01 -3.315978788778263020e+00
1.045331359318143072e+01 -2.448910002450570556e+00
9.739621388281360481e+00 -2.505794501448260991e+00
-2.403943626178750126e+00 2.507818401259913621e+00
2.963264370976800954e+00 1.229542898462487210e+00
-1.660390219367657627e+00 2.402530316648519904e+00
9.171985638912356631e-01 3.905700355631125387e+00
-1.152705493721928764e+00 6.660330642559671332e+00
-1.320499757944796126e+00 6.947870427663642268e+00
1.847517852844491992e+00 4.208818672950376261e-01
2.358620097156860052e+00 3.667777833815461630e+00
2.227410214234885721e+00 -4.946929055365081318e-01
8.885023094190930948e+00 -2.228423496393117986e+00
2.041213658420006460e+00 1.545180496805430348e+00
2.331855448961006161e+00 4.278433036452004679e+00
2.183355550778979470e+00 1.725194676980040809e-01
1.155212983070128541e+00 5.099618865460608497e+00
3.262021530310760031e+00 8.709064040644226568e-01
8.838897987585426108e+00 -3.002946563692717952e+00
-1.855320225209443397e+00 7.886440897864218869e+00
1.322224568515459664e+00 4.178808074101593384e+00
-2.037941531574059439e+00 4.011516421409898392e+00
-1.800046188783747336e+00 9.421221448250438613e+00
2.014902156079088957e+00 1.066261381510963391e-01
2.572825128229948355e+00 -6.957077958470228030e-01
8.965417319943216334e-01 4.125112799807353348e+00
9.392942372891066594e-01 4.239404161673685500e+00
2.005559327124258884e-01 4.464017849057899667e+00
5.938078632151576608e-01 4.065424238851111483e+00
-1.486408658877421241e+00 2.927685111800858220e+00
-1.254289657867558860e+00 8.578264177216658126e+00
9.313835748060737885e+00 -2.608982675949875762e+00
3.491180588583222555e-01 5.030474501258010100e+00
2.046352899420056382e+00 1.390507222152823630e+00
9.297298083949252501e+00 -2.527822573862295474e+00
-1.390072018147465061e+00 3.038770229355782337e+00
-1.743863581690877185e+00 3.556633343009833581e+00
8.527380921335290243e-01 1.123789572448472551e+00
9.905761955383940887e+00 -1.760669405282165645e+00
8.795190026236806347e+00 -1.402329542657202222e+00
2.790189859949073536e+00 9.365773237440825350e-01
-1.529842216513614295e+00 8.360877422909297252e+00
-9.947075513824206183e-01 8.163948358904393743e+00
-1.854978049614091073e-01 4.417054485524687379e+00
-1.311243595357522329e+00 8.655909005117688793e+00
1.923539675053050901e-01 5.298665735219302952e+00
1.187346701694845130e+00 1.377842429541953351e+00
1.392533970160574563e+00 4.208043264560630270e+00
-1.269701414875054279e+00 8.037069461238790069e+00
-1.049936128805200708e+00 7.748295341318732987e+00
-1.517515982609449754e+00 6.788947361709221084e+00
-7.492140927051754717e-01 3.287757848908816172e+00
2.033806678316745220e+00 2.326110870669786834e+00
-1.247373174598903844e+00 7.375437102919454091e+00
1.003511406020916930e+01 -2.757082132772108007e+00
8.011676608977773562e-01 3.846892000361416208e+00
9.056587329176666756e+00 -1.965792218491730914e+00
-6.841767042580783054e-01 3.005746723620072558e+00
-1.601793166652240030e+00 7.566381011919158794e+00
-1.495959047559971999e+00 3.438248238618179187e+00
8.670068086611271596e+00 -2.270325335483518892e+00
1.007882841632679849e+01 -2.775131135263601223e+00
2.732423960141618924e+00 1.195264227744314178e+00
9.935471584497877373e+00 -2.090851212725221675e+00
-1.027313569543218286e+00 3.114121986805736153e+00
-7.195771164863709046e-01 8.455253532353561141e+00
1.019181462063788146e+01 -2.275700982202560230e+00
5.409116514683445232e-01 3.473768954211356785e+00
-1.538205500233614575e+00 7.837002725100500555e+00
-1.299325136257793778e+00 7.496879395660298151e+00
1.504464659541450811e+00 1.049161636184060331e+00
8.888819775506467735e+00 -3.011756579717781879e+00
-1.444192361353674903e+00 7.830534086279826056e+00
9.825700909789873982e-01 5.375309623791890701e+00
-1.623272209156952917e+00 7.601224399250289032e+00
1.491024433121896919e+00 4.988448447442934253e+00
9.296131640477547364e+00 -2.023539109401006009e+00
-1.528751678940862391e+00 7.317964035806753920e+00
7.280986900906466497e-01 3.855314440583935465e+00
-1.331982243744193717e+00 3.516153049808178555e+00
-2.054400390522950204e+00 2.779221296777325101e+00
2.612970588320594700e+00 1.246998414776691266e+00
1.472604779166187150e+00 1.086553982647431082e+00
9.764041774373469096e+00 -2.498518188546389407e+00
1.722681745490097338e+00 6.152810650450619701e-01
9.596252971986292124e+00 -2.416636873990066992e+00
1.585690027936362823e+00 8.314300805218042267e-01
6.981124937588385482e-01 4.592676211712467094e+00
2.329716885165472373e+00 3.188964516976998675e-01
-1.829105045344896929e+00 8.121700871055713478e+00
9.014597407514132854e+00 -1.987518803370115883e+00
9.994484096506078830e-01 3.309758266055217835e+00
5.610401698758603617e-01 5.225613559995868407e+00
-1.275323756962151167e+00 7.882933049999315323e+00
2.901970759766645092e+00 1.369145956036640355e+00
9.244248435752695059e+00 -2.696030377655459276e+00
9.515592822522171090e+00 -1.169142146042914332e+00
7.453421930377297500e-01 4.360398281038634138e+00
2.542871946698303187e+00 1.250019287577832428e+00
6.697869960051712201e-01 3.595408016974942722e+00
1.003725188927362622e+00 4.191477017432889696e+00
-1.382983749684738140e+00 3.013257465808508950e+00
9.438655139625051760e+00 -2.756200654887309476e+00
8.310412092103995008e+00 -1.455940773678849443e+00
-1.180721256202277747e+00 7.442132997950979600e+00
1.920712160881893782e+00 7.163138216648947676e-01
-9.086410527725425901e-01 1.689488093498345833e+00
-1.493801200353766401e+00 3.097268735004533369e+00
-6.192332642515494534e-01 4.667579042064017969e+00
-2.029510838366672676e+00 2.563172399074464813e+00
-1.245872872655674479e+00 3.959409659944550519e+00
2.487257759518777256e+00 2.359199321647150738e-01
2.948881098677566204e+00 1.210445908903365009e+00
9.768478549273094558e+00 -2.510163524881945829e+00
9.845768958559846240e+00 -2.004682772069640517e+00
2.354098964242592018e+00 8.819483175313865830e-01
-7.379373646320873670e-01 7.331985501282029638e+00
2.106160496780247637e+00 3.495131890762922300e+00
1.694872986838204865e+00 1.829009567967073258e+00
8.194956440783215612e+00 -2.812521526522931747e+00
9.255341537038766830e+00 -2.402072094104400701e+00
9.053716514693531670e-01 3.895680405050280015e+00
-1.032169681483363632e+00 3.236589281254540040e+00
6.704787694955030020e-01 4.040942746481678505e+00
1.832845119500605913e+00 3.302941826041619899e-01
9.296600433534315755e+00 -1.955231073037229095e+00
7.908622971182217576e-01 3.298185043650404324e+00
-1.073459839885179790e+00 2.594402679281328616e+00
9.034507950866082382e+00 -1.861622294979258907e+00
-1.353431710054618042e+00 3.165604753600827603e+00
1.272515144956008148e+00 4.234124964027770055e+00
-1.068205541401785252e+00 2.756858620207494059e+00
8.990809711110950175e+00 -2.167491789766287091e+00
1.004114242239739951e+01 -2.862749512709017008e+00
-1.780292907697067939e+00 2.980710678993093499e+00
7.574539519114837915e-01 4.397809640611808568e+00
9.163001771870591838e+00 -1.836398691701364827e+00
2.619818090177945979e+00 1.140786108131669696e+00
9.863436927494094064e+00 -2.382538596022743871e+00
9.608834598855116482e+00 -2.969386978099774144e+00
-1.914960982942324197e-01 8.287917413835339531e+00
1.539884088366272552e+00 3.582983660586153141e-01
2.165271040987438500e+00 1.900229479611251104e+00
1.775160193801220476e+00 4.751999206218116001e-02
-1.847565052403371100e+00 7.391377941197886159e+00
-1.240311914145630023e+00 7.762293059081427415e+00
9.878413582136648330e+00 -2.014611193819856094e+00
1.535379103015077185e+00 4.507766317729147154e+00
1.016421056924055932e+01 -3.605503634311780559e+00
-1.902238234287457308e+00 3.513164358444226032e+00
9.289912488995886619e+00 -2.586494951147314314e+00
-2.421406021224015159e-01 5.542483044263981640e+00
-2.543096913122904645e+00 8.626590626496096093e+00
-9.740589745355566764e-01 3.194370947622421131e+00
-2.006557452947763220e+00 3.062354767178285808e+00
-2.197752461535205093e+00 9.181621152391178597e+00
1.856217307891001589e+00 4.815318491125129441e+00
9.632876833533964955e+00 -2.484959759698230908e+00
-1.928411470129225425e+00 8.433515801333482997e+00
9.059132293205227171e+00 -2.003775229402429137e+00
1.976122337564897746e+00 1.140520747162235393e+00
7.115050862358358597e-01 1.138563092992109338e+00
9.668608115849621765e-01 4.400344228427323756e+00
-1.999811779648141608e+00 7.483668000514914986e+00
2.268122137300808916e+00 1.267795592573904173e+00
-1.824565413611442866e+00 2.872999271724918202e+00
9.692736902251802178e+00 -2.510425383826406787e+00
2.518884423694307095e+00 -9.929531473080133175e-02
9.089683664961551557e+00 -2.594254298305209261e+00
-6.355209288458524286e-01 8.260677179507849743e+00
1.347772763050265166e+00 1.678520502936793335e+00
7.366006609887699730e-01 4.525820860156901659e+00
-1.244644126314016219e+00 3.104750504265616051e+00
1.164110699537035831e+00 3.791329883867355033e+00
2.130035294434725834e+00 5.192096202309044450e+00
1.070174001325720381e+00 4.443095949168555769e+00
9.705056112342985486e+00 -2.480221207507468328e+00
2.826857925681053985e+00 -6.535378990626394824e-03
9.325205118119837877e+00 -1.479616595937874646e+00
7.438739881017236710e-01 4.122405677103188282e+00
-9.450236115997445729e-01 8.051009509549668763e+00
9.464726250072356351e+00 -2.146810755181090880e+00
7.897383755274119954e-01 4.362227427209660391e+00
-2.089632151912776514e+00 3.177747033223929041e+00
1.076274175770012498e+00 4.684806189583653691e+00
8.318386484745767362e+00 -2.329236293618552001e+00
1.617840726156060560e+00 1.015598100375207702e+00
8.698960351055340823e+00 -1.722786331017148509e+00
8.297462047324488665e+00 -2.412063094141057906e+00
4.027030782508288498e-01 4.096198262028758030e+00
-9.504879741455095621e-01 3.715319969256932087e+00
-1.189157949059684860e-01 2.150385597116168057e+00
-9.405539001904963392e-01 7.639668938346603433e+00
-1.285328694543884209e+00 1.852349461356025406e+00
-4.337549545056618161e-01 2.872491978980069138e+00
2.764094682205849196e+00 5.185214051348364661e-01
-1.169311394001308901e+00 6.992123987206460001e+00
-2.116202508767687007e+00 6.885848630559920913e+00
-1.767682696302011358e+00 2.727889084301858613e+00
-1.461826670574233988e+00 9.359598988097097561e+00
9.392648906663700004e+00 -1.137930472327210785e+00
5.143204338793052610e-01 4.627336842223479962e+00
-1.185311475694842631e+00 7.915807769210879918e+00
1.757149957048430577e-01 3.495756823969856875e+00
9.943625289433500214e+00 -3.269512404388305260e+00
5.294171853174312048e-01 3.807924204252981504e+00
-7.627475966342526226e-01 7.116604287526970829e+00
2.713075628832357200e+00 7.571341791312149461e-01
-1.265373096646799977e+00 7.640621856591818251e+00
3.325342134323083343e+00 -6.886338213202336522e-02
-2.929577453781178065e+00 7.122405362691782926e+00
-9.175048442966446949e-01 3.338507066032180948e+00
-1.056596674747231956e+00 7.752792487070132132e+00
2.620748392965114082e+00 7.371068121967282449e-01
2.079127562184774902e+00 -4.253316657902461717e-02
2.702185903661420419e+00 -6.378471398685210403e-01
9.055192541950955132e+00 -1.863738891404650655e+00
1.497173619918285237e+00 7.905102046855393416e-01
2.096805454802436852e+00 4.847414122413621129e+00
9.281504302421906161e+00 -3.437990321661272830e+00
-1.120426711614058490e+00 2.948974495022575582e+00
9.523935559944234797e+00 -3.075299425329107716e+00
9.177291337366360935e+00 -2.830344119414720083e+00
6.170777163927034792e-01 3.634249135872153147e+00
1.242588018193750532e+00 4.503991923872949776e+00
8.947002581395026022e-01 4.985922145010007078e+00
2.027845145036736962e+00 1.029968253392240740e+00
-1.620518347820277816e+00 3.547338174085128859e+00
9.486677319454976498e+00 -2.617541385726382952e+00
-6.913929435613419550e-01 3.540433661563503254e+00
9.211327559143562382e+00 -2.962003862680484101e+00
9.236209229145845967e+00 -2.599271375682018270e+00
-2.177208368455575638e+00 8.154644799045909664e+00
2.629545238760777615e-01 3.999697514869177351e+00
8.683384299773161175e+00 -2.870162806343655060e+00
1.824480267547367252e+00 6.313620040448182369e-01
-3.838658288858949330e-01 2.909015929537215772e+00
2.020115590752561641e+00 7.071378035798172590e-01
-5.378016070609981103e-01 1.987873747718233997e+00
1.784485699171362239e+00 1.057076444917678382e+00
9.788717725691904903e+00 -2.816945569108512792e+00
2.846749647213823398e+00 3.682123688079856905e-01
8.690552811125952459e+00 -1.475379507012229086e+00
-4.349901531894992956e-01 7.596571138391548850e+00
8.677238384766704726e+00 -1.105926333588272970e+00
1.061441976538962884e+00 4.112190277161333007e+00
7.810716594500973109e+00 -1.662214887790277373e+00
-1.508542918618794637e+00 2.876097314264961291e+00
-9.433825397363833076e-01 4.198203209655845036e+00
1.648452052494207676e+00 1.676371134328596080e+00
1.028473059161616909e+01 -3.319997347304153301e+00
-4.394343064913189822e-01 8.380079294434333192e+00
-1.074509133034817765e+00 3.557071556591919759e+00
-8.741836090915207080e-01 8.369863024500430626e+00
9.635737254286196318e+00 -3.308919785133508373e+00
-6.979228494766366309e-01 7.801234295044281453e+00
1.595846204746026231e+00 1.231135838387660719e+00
1.084559951763153052e+01 -2.779653530323673127e+00
-2.210308929092084540e+00 2.189241431557567452e+00
-8.747442905631517274e-01 7.456744850593479690e+00
8.290201034575511940e+00 -3.397002793292390965e+00
1.661389316449959130e+00 -8.030690432268845491e-01
2.675913453321788538e+00 2.999360757152971235e-01
7.343639103625873021e-01 5.037254369677846455e+00
-1.707191284573158718e+00 2.704865022699898258e+00
8.367458246379607445e+00 -2.497604458530311433e+00
9.284608472349903607e+00 -2.380390115371735948e+00
-2.116108413136147171e+00 7.564049850300139433e+00
-5.479455567025425244e-01 3.144537763171553646e+00
-1.728203948630548936e+00 7.703414547749380503e+00
-2.127102222594128733e+00 3.922273685539548804e+00
1.351408949162807627e+00 3.342552734084341282e+00
6.184816554761902729e-01 4.272246949686662632e+00
-4.749203582851246885e-02 5.474252564587463787e+00
9.391952110730507286e+00 -2.272519142031134365e+00
-1.393426114816741279e+00 2.864856947413629840e+00
1.440221864988054712e+00 3.593458943332399347e+00
-1.474385130668902866e+00 3.481130386742508964e+00
-1.630982351465632973e+00 2.611864537479752446e+00
-3.045023490882721617e+00 8.364022552290176549e+00
-8.485299185972339231e-02 4.517076403094651305e+00
1.148076291881862776e+00 4.669093628133660800e+00
-1.866767925461236821e+00 2.733267494912921869e+00
2.266335587841692867e+00 1.125204980059288928e+00
-1.610559506423840936e+00 7.145727577687322807e+00
1.867256322395823842e-01 4.026836564559564735e+00
-5.712415605714152855e-01 2.762738682327059880e+00
-9.998009624699931708e-01 7.531119338504640659e+00
-1.345586843292164714e+00 8.297118122547976427e+00
9.424654068851300082e+00 -2.565648421133053692e+00
3.849636359360046889e-01 3.420686322970238002e+00
-1.522840131319865842e+00 8.058546664540090276e+00
3.756808507522022555e-01 3.031582043861870801e+00
1.144535101736272598e+00 3.707913160890641713e+00
-1.295716515474940600e-01 4.017002925024097948e+00
-1.702151892074599271e+00 8.016368450079653485e+00
9.297904545706913382e+00 -1.975090071722501950e+00
-2.001217826321751936e+00 2.373502188417926817e+00
1.700425920748011466e+00 1.572315170644157600e+00
8.979420196596770154e+00 -2.498747625051468635e+00
5.848939185854835632e-01 3.991073740067723641e+00
-1.132618376846314057e+00 8.253323219676458322e+00
5.658635399041651581e-01 5.299517805162313522e+00
-1.112646598592075931e+00 3.395885526351925421e+00
8.881284388863853962e+00 -2.284061208379939867e+00
-9.197985534253919626e-01 2.523111634476421727e+00
9.263787679747990111e+00 -2.626207688292562015e+00
8.799793901866596713e+00 -2.330420550011353509e+00
-2.038886180630609335e+00 8.160064947617478026e+00
-2.135799557862569920e+00 2.556483149183405690e+00
2.174847639570756996e+00 8.673015353609373479e-01
2.422423837071572716e+00 9.276562458811132839e-02
2.723960354779991766e-01 5.469960038837965222e+00
1.545922562701951497e+00 4.356318072279504960e+00
1.069238533964644855e+00 4.530684839209694559e+00
-1.162637010072277821e+00 2.288980017237839171e+00
-1.087908657003669788e+00 2.878589236246432925e+00
1.872960805241316251e+00 3.061796312440270285e+00
8.914364938510695779e+00 -3.243193194599683693e+00
8.771741569531613436e+00 -2.896425776808314811e+00
-8.343935949254939199e-01 3.021384911228842451e+00
-1.707374339107521566e+00 2.521517104946927823e+00
8.841850605439167676e-01 5.017286221002381641e-01
-1.423240966557256959e+00 6.790846330626253646e+00
1.898280254006337486e+00 7.883167896639711181e-01
2.580767178385276583e+00 8.285991788456008589e-01
-1.520703992255513226e+00 7.887031199702224882e+00
-7.318955814898162604e-01 3.041081799599898439e+00
1.889865200696543734e+00 4.718268804298039187e-01
-5.610984709346154009e-01 8.043356680845651141e+00
9.153043122017594513e+00 -3.359597293113843364e+00
-7.043106094472325607e-01 2.611976316050035329e+00
8.784089813338711750e+00 -1.250441228999324528e+00
9.569441662535504989e+00 -2.038960427896217897e+00
8.808678161728503042e+00 -2.492803490555189683e+00
2.975073943898576267e-02 2.675462885022560577e+00
1.140979893180858795e+00 3.769238277651073332e+00
-1.100196160358167807e+00 8.751034552172479053e+00
7.151779475135126019e-01 5.413345564535995358e+00
6.820954974241608681e-01 1.048554308950859104e+00
1.660135741349875627e+00 5.891232803739435697e-01
5.445074454154192889e-01 3.815991534315943845e+00
5.595293627076758369e-01 4.214006603251787553e+00
2.190632714115540391e+00 1.167490920077132399e+00
-1.467877269132620066e+00 3.146732013858625443e+00
1.510009573857446163e+00 6.430730873511959489e-01
-1.443216749738449600e+00 7.408676199795920958e+00
5.325322807117071067e-01 5.229596084692431646e+00
1.819834122543095845e+00 -9.300221729420190542e-01
2.258609996562444877e+00 2.110289796828815234e+00
9.389183341960803730e+00 -1.552764370028711038e+00
-1.155454474558351041e+00 8.460401048932743251e+00
-8.866311808885525281e-01 7.478670153809351184e+00
8.353502577962510500e+00 -3.358351721940977974e+00
8.194781727400448190e+00 -2.969229386377209678e+00
8.454400271971127978e+00 -2.344291568757893351e+00
-1.628758989563396709e+00 2.837402591672070873e+00
-1.571704800172595062e+00 3.073112125470970568e+00
-1.834606381621504134e-01 7.599568098789126758e+00
-1.400994326468072204e+00 2.173507501599386327e+00
-1.365489569316157503e+00 3.232832979520652295e+00
9.421244583172054377e+00 -1.966374117840607116e+00
2.172309339723706767e+00 -1.712740534854180208e-01
-1.603849197638526514e+00 2.754819321438704893e+00
8.521278728481119780e-01 4.831894674696859404e+00
9.962265558435262847e+00 -2.877679850067636824e+00
1.391193329188606942e+00 4.720636813641993612e+00
-1.613051720251697629e+00 2.688666991962892716e+00
-2.145793489411059962e+00 2.059887506121853562e+00
-1.265576317644513171e+00 2.558347694857291188e+00
8.992790604245042729e+00 -2.847261654439243284e+00
1.895937607161569449e+00 5.185402589388560912e+00
-7.575386760351527915e-01 7.978380130854817232e+00
-1.490967203352139725e+00 2.790368434470937409e+00
8.588114358498279088e+00 -3.117751845749173079e+00
1.659233729352428188e+00 1.003155031915553552e+00
9.068248351463058299e+00 -2.316595075001777193e+00
-1.133385251531803251e+00 8.363766735147860842e+00
-1.692763720231407643e+00 2.762136072232699302e+00
-2.380055936206167289e+00 4.116655909183125850e+00
-1.120703546883628388e+00 8.763678913836100648e+00
-5.760116968124946446e-01 3.306662935939055803e+00
9.549006152921020174e+00 -2.163134907461837564e+00
7.117164991709402644e-01 4.135574030337684448e+00
-1.918425506994184460e+00 7.814281971879844413e+00
4.942242800421904336e-01 3.890057460798269862e+00
9.593607415433020869e-01 4.560786449766640160e+00
9.402399490604352650e+00 -2.934988936491575551e+00
-1.361543608831471630e+00 3.778911893406615263e+00
1.362258757584251745e+00 3.361413282268318259e+00
-3.076581993003872029e+00 2.225512043141917307e+00
1.213874106143482123e+00 3.647950422210086696e+00
-1.162010156661520632e+00 3.586859655101564126e+00
-1.274353042716511508e+00 3.065843573089923613e+00
-6.247979105191147076e-01 8.122917150100530392e+00
-9.262978624060561605e-01 8.078277289010173945e+00
-1.489190301445756370e+00 7.554374388833760001e+00
-1.292127562315068534e+00 7.057032222067550542e+00
-1.014036808640976783e+00 8.788578430300113098e+00
-1.700307139794445144e+00 1.718698575983099275e+00
8.151552292313180015e-02 4.567422348207111682e+00
9.452483406015792511e+00 -1.784782220146463150e+00
-1.519564823038614954e+00 3.859438030054665347e+00
9.607135278701799397e-01 1.079826002615137615e+00
1.921704112863885650e+00 3.498161291128590866e-01
7.642110292921756587e-01 3.333902814257770686e+00
6.505531929364644084e-01 4.553417355205245265e+00
-1.984172720375404264e+00 2.385214179351561548e+00
4.883823093198226273e-01 3.268017766049383876e+00
8.239318259590792337e+00 -1.252645991208902743e+00
-1.736413373002854366e+00 7.522475109659223058e+00
-7.869933881064652414e-01 7.582663463246785973e+00
2.617312999554032071e+00 1.745060283560402770e+00
-1.376305143616911142e+00 3.550737016441292582e+00
5.727938098809244316e-01 4.088055430524065059e+00
9.333603935257963613e+00 -2.007672859015927624e+00
-8.486754871044275284e-01 6.314727338391056044e+00
9.072980633808448658e+00 -2.343247085810967967e+00
1.786368303824453108e+00 5.080609032997039920e-01
9.110530806086488909e+00 -3.121474496767921991e+00
-2.371592923015333199e-01 2.863735951533672441e+00
2.461143960849851986e+00 6.684582865912447325e-01
2.592423685166835856e+00 1.722642099773730617e+00
1.791753808351589150e+00 1.006466717468629701e+00
9.553029236150699433e+00 -1.302270658278819715e+00
-7.664570203307113916e-01 3.217581201414318581e+00
-1.481148290235499987e+00 7.799503214038939980e+00
1.488646426938301737e+00 1.040525548637324160e+00
2.715438124365102013e+00 1.676476843333669642e+00
-1.927536185037544980e+00 3.114059818575797056e+00
-2.064725846753213467e+00 1.740243055848671672e+00
-8.565208238999066914e-01 2.606542138678211717e+00
-1.736532464684933608e+00 6.965989449199436301e+00
1.057595417961148598e+01 -1.933925050084621677e+00
8.338456093110549361e+00 -2.635390485343648059e+00
1.869798854569852731e+00 7.575836630117211978e-01
-1.651070839556280090e+00 2.511024984861374598e+00
-1.231749953528248787e+00 9.174669849356700269e+00
-2.774232133460149408e-01 7.340814542844893431e+00
2.508504938830880882e+00 1.418108106750887609e+00
-1.671706688093768101e+00 2.390968055647078927e+00
8.454235447530218384e-01 5.739908799132360517e-01
1.348690143943299447e+00 2.135458793769599017e-01
1.571891616909257383e+00 2.266765053449575351e-01
5.947624315191664124e-01 4.709647304416289870e+00
-1.306377075608543992e+00 3.032069195889486757e+00
9.546947031516820559e+00 -2.545717042665604168e+00
1.013219586449016063e+01 -1.453841121016193672e+00
-1.045320490535081026e+00 8.226528772661962918e+00
1.491878577826206698e+00 1.507876254785883496e+00
4.537917890373660557e-01 3.956477528589740889e+00
1.217675063253024437e+00 3.892901272884202069e+00
-1.633766883987650687e-01 8.097443100419170037e+00
-1.096573671494657454e+00 7.590651190217656108e+00
2.338122852939059637e+00 3.431167922689131178e+00
-1.069747162373182681e+00 7.861873381346803136e+00
2.967264437892341622e+00 1.929417244387653607e+00
-7.206218095981282712e-01 8.216714731573992125e+00
1.144224837972438014e+00 4.244897093662615362e+00
-9.071804233915841120e-01 7.635772956730268568e+00
-6.681949680462742069e-01 8.140300761276479946e+00
9.821176364571893913e+00 -1.004387023540749713e+00
9.358339193512659193e+00 -1.231108406395038379e+00
9.148284148163588370e+00 -1.386546880999102616e+00
9.372773323612708651e+00 -1.533684853837113504e+00
-2.215470580127786526e+00 2.703013816045208628e+00
3.108259213678112864e+00 8.178706065521816893e-01
2.274211648114908613e+00 5.105704097110224993e+00
-1.715165887619823692e+00 8.877524989827620061e+00
2.003709061249910217e+00 1.014239422765399912e+00
-8.624230475425745945e-01 8.188394973112355757e+00
-1.447517141155445275e+00 7.402601238298540665e+00
1.125009914382789411e+00 1.148054952557038044e+00
3.553587756385081953e+00 -4.495293290849042833e-01
1.714444486983127458e+00 5.025215236719036582e+00
-1.506532921877625997e+00 8.525087645661868052e+00
-1.271816569368922067e+00 7.266100329131735869e+00
7.675227889508035028e-01 4.397596708910778140e+00
-7.310270278024894042e-01 2.339118406809364448e+00
-1.767644839168614812e+00 2.437832775682362119e+00
-1.392352680642496177e+00 1.910669243635928938e+00
1.448066855811880771e+00 4.023935869406824573e+00
2.284906979440239017e+00 8.771182916187645340e-01
8.878456715345026673e-01 3.499935634567618026e-01
-1.401830376274711298e+00 7.626632187856022149e+00
8.493047110689582624e+00 -2.813479865903357524e+00
9.300354723583884820e+00 -1.215561823173468614e+00
-1.315214049325278411e+00 2.826217607205877780e+00
-7.222197105318788335e-01 6.739313188658883291e+00
9.286369624952509838e+00 -2.305646179066571211e+00
8.283725025370307193e+00 -1.492032368209124105e+00
1.637471529116228286e+00 7.234253994556167910e-01
1.528785372814986498e+00 4.495023919214202301e+00
-4.919144677208606709e-01 7.775223913600774139e+00
8.611917095476332662e+00 -2.345899277669873051e+00
-1.872615312797237141e+00 7.646098141610079502e+00
-9.738699867136635380e-01 8.412865062530201499e+00
8.719561221022489761e+00 -3.201972722399060611e+00
1.432892713634691173e+00 4.376792337344086903e+00
1.439344409274695424e+00 4.797889819826628433e+00
-2.306116046519759433e+00 3.683527468936835358e+00
-1.556498455310448836e+00 3.061302422081181529e+00
-1.008792218193116597e+00 2.435030016950401333e+00
1.012644054559606488e+01 -2.057351605395974392e+00
-1.088692938995693860e+00 3.580629345476008751e+00
1.503799454510911682e+00 1.013315969377066583e+00
5.179186987972017597e-02 4.341744523968588787e+00
2.548218948662755334e+00 9.008392477175533042e-01
9.527003876099976454e-01 3.602931228803671448e+00
2.149817463496911607e+00 4.537843321061146185e+00
9.353251153517163630e-01 5.331792960438010098e+00
8.877289586959184575e+00 -2.203359323026512939e+00
-1.488465063754204287e+00 6.952066258561700351e+00
9.695406542806619399e+00 -1.773682534823230794e+00
1.323382977183822140e+00 4.513580001644294626e+00
-1.564135888700905808e+00 3.673382539099610877e+00
2.547460599789730828e+00 1.713632784945627430e+00
9.813287755679029445e+00 -1.249824285610117158e+00
9.396307185159699316e+00 -1.634249341348975149e+00
3.761408701127562093e-01 3.376924669381823119e+00
-2.154218747463584993e+00 2.266968625656255565e+00
8.975777913293461197e+00 -1.601222995238681168e+00
8.960491427454315705e-01 4.950433611034148029e+00
-9.405056666494844286e-01 6.310716731028659154e+00
-1.417573300760411215e+00 7.140538104531176877e+00
-9.600010770754782152e-01 7.254548377297330930e+00
3.136400748894246915e-01 4.335086375004975068e+00
-1.921659668743982419e+00 3.499211844470953459e+00
-4.630545233348427603e-01 7.819980880688901514e+00
-7.837594088548603954e-01 7.370784634379099032e+00
1.659910489272475420e+00 3.562891835236198457e+00
-1.168760124473133155e+00 2.325510245258531228e+00
-1.396596233638937257e+00 2.964808969988414145e+00
1.002790174051821026e+01 -3.583150611136771246e+00
1.288909004418150150e+00 3.958314545560550179e+00
8.235089573090535353e+00 -1.977924179399941584e+00
-1.615831218071111630e+00 7.341763021065025541e+00
1.994249156699954950e+00 9.092312906457831190e-01
1.818130131840265395e+00 2.020113500979890953e-01
-1.770469049534995509e+00 3.352503364255101204e+00
-1.802602984232151595e+00 8.682751034620771691e+00
-2.017399871791641264e+00 2.077073885509536311e+00
-1.233024412102274869e+00 8.201695074224842230e+00
-5.555238109539522018e-01 4.695958484712606129e+00
1.600545005177778313e+00 8.676132033670436172e-01
9.833763059120421701e+00 -3.166072785126977429e+00
1.744756095926635941e+00 3.103657443226749413e-01
2.124356245316933123e+00 6.701751222099832095e-01
1.910055623510746203e+00 1.808620362151359906e+00
-9.342987315333041165e-01 7.512909994506756561e+00
-1.356315301823138642e+00 3.167122637035798771e+00
-4.259341311285758103e-02 4.536155612685427663e+00
-7.494451399552892745e-01 8.128243625239397474e+00
-7.857535985031882664e-01 7.981360944883089559e+00
8.257832947536121182e+00 -1.893561815716189756e+00
1.444442396260459116e+00 8.509508063734263494e-01
-1.391833729431556810e+00 7.687383880968343242e+00
8.769777568315259231e+00 -1.737096793156929220e+00
-1.311201373479299326e+00 2.831142171172881028e+00
-1.496331447015131655e+00 1.841344698439290273e+00
1.046536592136217969e+00 3.642808450806669374e-01
2.153624664904429942e+00 9.554564734906549894e-01
-1.348864109725437466e+00 3.415873956781784848e+00
9.279366521247830235e+00 -1.012191820282150045e+00
-2.517289383858834384e+00 8.678679278876245462e+00
2.139790794550548991e-01 4.885425352343196970e+00
1.436267987533546675e+00 4.517563017931763625e+00
8.517382803977424643e+00 -2.313997320971775906e+00
-1.714089677971633030e+00 2.413708024045538636e+00
-2.076514226130511620e+00 7.513911278641897340e+00
2.410087672483942622e-01 4.810405113289318635e+00
2.196160437002117050e+00 2.176955706280202740e+00
-1.229495246529608510e+00 7.780192746826420702e+00
-2.095397170166032996e+00 3.064548334910102145e+00
-1.634027306757884546e+00 7.925529151845271514e+00
3.673001952971025830e+00 8.533088601696877662e-01
1.255940528676176893e+00 -2.835111539336752084e-01
2.077470954578967799e+00 1.358405104577558919e+00
1.977203348916655612e+00 9.540355975692780266e-01
2.020785810353641132e+00 6.629334286335271109e-01
-1.965247857907346241e+00 7.535214215259035342e+00
9.163512221506415756e+00 -1.793420568270749804e+00
1.642888099138879898e+00 8.271789320870699402e-01
-1.627832546882149956e+00 3.144628322376207930e+00
3.557243734758163134e-01 4.712744038417365999e+00
-1.103533396214778639e+00 8.512130193718276061e+00
-1.915212872330561700e+00 3.201230551385831902e+00
2.668341872786081925e+00 5.661392558878992620e-01
-8.355269400412974612e-01 7.865374375601487777e+00
1.188303401988854979e+00 1.713378634639258769e-01
8.865499384494100354e+00 -2.669760369293938673e+00
-1.283054717016181678e+00 2.801976240403218910e+00
1.872717522441058602e+00 4.180692369188909296e+00
9.187642582776508249e+00 -3.067751475730690291e+00
1.371386048176813421e+00 1.368638172682236753e+00
-1.307394740471790495e+00 3.696577421517273976e+00
-9.357135078579852383e-01 3.378034063129842224e+00
1.869221394823854965e+00 5.441320833066740192e+00
1.490368445688109666e+00 3.913171971468301980e+00
1.011496205408073301e+01 -2.129662790641257519e+00
1.976635114508030533e+00 1.577511587673769977e+00
2.771801740764812116e-01 4.844283219620901804e+00
8.618779823976554511e-01 4.066877619028320012e+00
-1.846397964747346077e+00 3.304915425409048702e+00
-1.452671181072908491e+00 7.077556268390501337e+00
1.211689771672138427e+00 5.436290724162130550e-01
9.099456842070114959e-01 4.915890954477870167e+00
8.000549343079125464e+00 -3.434477585739544203e+00
-1.064500180543899388e+00 2.839618421063126341e+00
-6.860971144467296057e-01 2.671653185138400666e+00
-9.490195997589910837e-01 7.392700947496856578e+00
-7.171432500207939320e-01 8.719718904724636843e+00
2.457609791619423945e+00 4.731602414315906890e-01
9.797242311662833103e+00 -1.611327917635422935e+00
2.100019365359010237e+00 2.514042182955399385e-01
1.009853802747339602e+00 1.157180074705473904e-01
1.232025317013355714e+00 4.709932148466537072e+00
-1.717675954887404099e+00 8.210531209501832350e+00
-1.927531645564240836e+00 3.927035305377005514e+00
-1.123893326561979045e+00 8.020099560449253318e+00
1.324504414476987524e+00 7.146854772252846377e-01
-7.970878221398328689e-01 8.173253846793270938e+00
1.752052531074232089e+00 4.081887347415540934e-01
2.174047895399858543e+00 1.546824791024295820e+00
2.327536669014288240e+00 -2.001805866647818899e-01
1.573382689027901016e+00 6.190610450766418360e-01
3.471382995062395338e-01 3.451776565141004838e+00
-2.518912388094418642e-01 6.985497926186210016e+00
-6.128394220809704196e-01 7.221921380885182984e+00
2.253613575197502161e+00 1.467211544072878127e+00
-1.328882944515718423e+00 4.253448860376078500e+00
-2.955988604989298052e-01 7.449505454568351226e+00
8.828735187498143233e+00 -2.696144313533342274e+00
1.544621259210743780e+00 4.210781271593889485e+00
-2.038455521524293435e+00 2.931658114697893502e+00
-1.262284268858014702e+00 3.025157980773030886e+00
-1.107275723069215179e+00 2.281148888865577540e+00
-2.067353501081251377e+00 9.003719201333808542e+00
5.848249291142830764e-01 4.069215302335829065e+00
2.814314224286137645e+00 1.024561867577063579e+00
3.098591127905584663e+00 1.494300294727236134e+00
-2.349360002747741483e+00 3.437274015022634632e+00
1.830179251436107712e+00 1.619459448681254132e-01
1.021002296939407117e+01 -2.895331765058768436e+00
9.289298239625368936e+00 -2.221099471335499675e+00
-1.238234937388604129e+00 4.573495329746071647e+00
1.632314709928410990e+00 1.305648566484998163e+00
4.595346675136735559e-01 5.449826299307810373e+00
9.066737336140157311e+00 -2.482796026709409354e+00
-1.975976464471564942e+00 8.005721748271600546e+00
9.660578302296306541e-01 4.531278368781438637e+00
2.393672642477163492e+00 1.269322811424205000e-01
9.291583158644955986e+00 -2.353299741991485838e+00
-1.495618827508875981e+00 7.593384505589113154e+00
2.200538298023951622e+00 3.644315055257584257e-01
-1.746234667213527825e+00 3.480737785876510060e+00
-2.137985789290575589e+00 7.049812727842985183e+00
1.495622974956251294e+00 1.398226504765716083e-01
8.758633636192449501e+00 -2.249896825570457004e+00
-1.970496890066018025e+00 8.085686117422156372e+00
2.406156943464860198e+00 4.870475019642638514e+00
8.773943589530549758e+00 -2.227766139946932178e+00
1.390160977267368203e+00 5.084895065187389207e+00
8.772139595905697362e+00 -2.899213870058759301e+00
-6.923207941658924280e-01 8.170309144012794178e+00
9.277825709011480626e+00 -1.799050811534788963e+00
1.735645846245145174e+00 1.552113500598636842e+00
1.094165892049355771e+00 3.653550948309126634e-01
-4.995208804159274596e-01 2.442613248994032649e+00
2.851937139007667987e+00 8.368947682074971972e-01
8.954058924373889283e+00 -2.904924676943815065e+00
-2.333142130645101009e+00 8.082260561380159913e+00
7.931370011724170332e-03 4.176143159320008458e+00
2.326760977016665954e+00 9.564013471855130621e-01
9.213850223250140914e+00 -2.961561925436939191e+00
7.638737317944046534e-01 3.478816551397578838e+00
1.782985096801677383e+00 1.139622384035885005e+00
1.075686805692180892e+00 -4.299697464713547745e-02
-1.507050162538649207e+00 2.405385504844510081e+00
2.189573659420624541e+00 1.095437449214579750e+00
-1.411185639891673782e+00 2.223671892843602116e+00
-1.345079896512817674e+00 8.912129298776637398e+00
2.334967377053296378e+00 6.755181955153310991e-01
-2.101932719921955961e+00 8.988854868908234153e+00
-1.536405195743105523e+00 8.397124545707413290e+00
2.354481686378774530e+00 1.526446953518768357e+00
-1.159795133755567198e+00 7.248981089294072255e+00
6.884765901417264633e-01 4.676002306454497770e+00
8.485545405290711329e+00 -1.482245141930992105e+00
-1.958868332507042176e+00 2.381737619944607864e+00
-2.072081305316687327e+00 7.194814809030130043e+00
-2.035896326905044962e+00 2.722480580041018339e+00
2.672628816989790490e+00 8.542914554019338524e-01
-1.429968452879004648e+00 3.855925108350480635e+00
2.021587709163623625e+00 8.968326342968794274e-01
1.753577501047355103e+00 2.345135867664185803e+00
2.576645613570955007e+00 1.063786803445613716e+00
1.516826965291779628e+00 1.685145880222534753e+00
-9.083285852552227535e-01 7.923242683242220252e+00
1.755857538636368176e+00 9.104743942440659543e-01
-2.043061484396416549e+00 3.114863038333576029e+00
-2.831424811769160943e-01 7.498512765879661757e+00
1.052417334168667118e+00 4.544980945515210813e+00
-1.800399221901526570e+00 3.773577512544682655e+00
-1.839851820017929240e+00 2.207070307086191452e+00
-1.390468348149228373e+00 2.307839072167261474e+00
2.061477110172657667e+00 1.329683915542928530e+00
-1.716438418647073805e+00 7.998127693509623271e+00
-1.108306900830635655e-02 3.979835094251162886e+00
-9.873710001074554876e-01 8.159516691956477885e+00
-7.163608511303807269e-01 7.672180962030669349e+00
-6.212417494445359178e-01 8.194883731467305310e+00
9.387076777268584138e+00 -1.309627532139370665e+00
-9.726260770335373174e-01 2.838341452540892096e+00
-1.895861674361147386e+00 7.766924684771486120e+00
8.638771021339668010e+00 -2.664760642611825769e+00
-1.514266800416667280e+00 2.977554935551550042e+00
3.094900233584358062e+00 1.308364324053451044e+00
1.992661426536062264e+00 3.048624944416962190e-01
1.076632017861926371e+01 -1.313587903675943913e+00
1.988973878393321293e+00 -9.875622718362109254e-02
-2.346272905002836140e+00 7.417958944031865620e+00
1.395344368010896563e+00 4.306049860900151849e+00
-1.189055302456672791e+00 7.953768648760014770e+00
1.424583079069274172e+00 3.590420354326148367e+00
9.367140964188365615e+00 -2.460976010461881192e+00
-1.308215263677602103e+00 3.800675435018525672e+00
-6.242040277139283555e-01 7.934246301357432252e+00
1.316644245258096646e+00 4.170182267139296961e+00
-1.785745230992646482e+00 8.164456893940382542e+00
2.333145719024042108e+00 1.065121118573408854e+00
3.338185056401695716e-01 4.936458363607071576e+00
9.854501845887273959e+00 -2.769383880819221488e+00
-2.219871764484675936e+00 7.528835737493528413e+00
2.372694664433536715e+00 1.151240832963232208e+00
8.956052814659292594e+00 -2.395971925553020299e+00
-2.146489874357182970e+00 2.655833258858318224e+00
-2.214504269126371216e+00 2.946121918128218997e+00
-6.957470851885670937e-01 2.736023309278678983e+00
-1.913942306927837400e+00 7.506949155233934690e+00
-1.014799393426717877e+00 8.538084654413886199e+00
1.750756960438463850e+00 2.665355984069325279e-01
2.165622818037063801e+00 6.663698037125718177e-01
1.713680289350766994e+00 1.059606272902393620e+00
8.154680559756668501e-01 4.785261164926226662e+00
-1.595769208084384383e+00 3.103133006435090824e+00
-2.662321149212310445e+00 2.811194375111315313e+00
-1.337515466086357740e+00 7.893062538623456525e+00
1.290604692847018509e+00 4.356840579675187008e+00
1.846797129933740012e+00 5.489025738217416794e-01
1.442241288220287299e-01 7.905714538934859092e+00
-2.038781072089517199e-01 7.659368982707967177e+00
-9.650648870904297016e-01 2.602497905471958806e+00
5.635675119292856694e-01 3.575340885591917761e+00
7.965896297903641177e+00 -2.708959879648554114e+00
-2.512683189340270573e+00 2.674239183577223677e+00
-1.004261522266021611e+00 8.556478729042098053e+00
9.283764577987517086e+00 -2.136994164718974076e+00
8.274751418920882173e+00 -2.407111222468079514e+00
2.621095173826388347e+00 -7.461426403757969172e-01
2.277762522201538964e+00 9.829007430502781917e-01
4.285767432799999499e-01 4.973997100305902030e+00
1.464981972039214764e+00 4.339142680957367659e+00
-9.652265242352560115e-01 3.324910320637405103e+00
9.324961315448659249e+00 -1.016630815540541466e+00
2.650704014544591480e-02 4.670014954912713456e+00
1.016180411976395748e+00 4.485270466092258879e+00
-1.202439862041671192e+00 1.827035683102981034e+00
-7.940730375463863622e-01 2.802177164206744120e+00
5.900990368467606828e-01 2.969745436113734094e+00
-1.383154357308070681e+00 2.696001561550840808e+00
-2.198939912636711291e+00 8.342132599604346055e+00
-1.554811483485508017e+00 8.300297007081891110e+00
1.667669017416367083e+00 4.951558482670482597e+00
9.867800714231494297e+00 -2.443195090570312811e+00
1.005967067536549520e+00 4.600089393216963529e+00
1.836234391505123353e+00 -1.771328688867732648e-01
-1.851877889498385166e+00 7.342530120279714190e+00
-2.131003064601295627e+00 3.926828291093519496e+00
1.101235065392611290e+00 4.889770749338617328e+00
1.794989187407977749e+00 3.890117816718427601e+00
-9.241819589058537510e-01 9.209740257959916576e+00
-1.822544258636760173e+00 7.026405424168573610e+00
1.255667542384770963e+00 3.382041115682056009e+00
-5.892736503066428044e-01 7.752756508483937381e+00
1.042329504770018733e+00 8.301840704022052098e-01
-1.848929633131657368e-03 4.581456680763854372e+00
-1.193326405396026635e+00 3.453366593732040801e+00
1.478964892452989233e+00 4.217932423133338715e-01
1.652251631810399246e+00 3.655828422430336122e+00
7.985056787091910913e-01 9.718968084780408301e-01
2.001038317066709649e+00 1.718222003821964883e+00
1.075813540192088080e+00 8.573831671692238032e-01
1.683537821242285570e+00 4.195832425960979606e+00
-1.761400049096668585e+00 8.589791806138990182e+00
-2.262877008859874639e+00 3.498349951363263877e+00
9.541469704151992914e+00 -2.267737626204152424e+00
1.437306351447491970e+00 6.876976411844739623e-01
-6.668925114927103381e-01 3.168921068118638384e+00
-1.565577686879819463e+00 7.939687127433808556e+00
-1.831697508357648774e+00 8.643192659574975067e+00
-1.499823603962699314e+00 4.321657144945157292e+00
1.495594096529015093e+00 1.643655290611029773e+00
-9.686589155552356445e-01 2.812692419936910770e+00
-9.277350722386874526e-01 8.026191073984502822e+00
7.893385592700714604e-01 4.337486532786237525e+00
5.956768223379169669e-01 4.086142627856107268e+00
8.815838287984021804e+00 -3.199333824337930565e+00
9.237037713385182869e+00 -2.757793981559112151e+00
8.834731058449754926e+00 -3.316191560770315849e+00
-2.142415007490529266e+00 8.733143797812573439e+00
-1.515628938157350669e+00 2.561615792665922431e+00
1.153829579803850258e+00 -1.689365129022868395e-01
1.413724415853017113e+00 4.381177073902835950e+00
1.014673998112269260e+01 -2.297874288218163752e+00
-2.212119588416049609e+00 7.011627894016436713e+00
-3.184679202708247114e-01 2.733822795716919885e+00
2.245563897208491255e+00 1.209688028680457439e+00
8.687117977979390560e+00 -2.684917577011574963e+00
-2.073366462336494465e+00 8.136055354949562002e+00
8.769475741716671990e+00 -3.152116680687480077e+00
-2.914671262002610064e+00 8.526500400510073518e+00
1.344717700754143319e+00 4.857111330388305781e+00
-6.156484110437573376e-01 2.215185984463074576e+00
-1.346208744046057504e+00 7.783586846014966198e+00
8.402111892361538992e+00 -2.101847950813269250e+00
9.541582462493485295e+00 -2.700842297478533105e+00
9.553082954649774194e+00 -2.387805127331156463e+00
5.994175427615477947e-01 4.015171056371917402e+00
2.224820566988954251e-01 7.708736425462682007e+00
-1.979126692930265996e+00 3.000496156875131160e+00
1.218335331569760926e-01 4.007795397431073603e+00
9.300936245393996771e+00 -2.906194311620382109e+00
-2.335951865875577127e+00 3.676872259246876329e+00
-5.253535293957243280e-01 3.099075787547654670e+00
-1.151859060854286465e+00 7.263873043952361108e+00
-1.770685891488942953e+00 2.399455266671701281e+00
-1.546895582928997204e+00 1.999400162893427257e+00
-1.848066111941612188e+00 2.933125386364132225e+00
6.335153782969162872e-01 1.416095040236525548e+00
-1.777390423152925836e+00 2.259384268470975954e+00
-1.735681126774412775e+00 2.105848946444494718e+00
-1.104437399936956110e+00 2.020474551578913314e+00
2.341406542786211631e+00 9.867334087659836994e-01
-2.241462197731956874e+00 7.927646692130993600e+00
-1.976718220043643282e+00 2.937567509901350071e+00
9.051156711312364322e+00 -2.906722859068798570e+00
-1.490168758855870301e+00 8.405103329917524846e+00
-1.185116492510584818e+00 7.780464370781364103e+00
1.056512708556293667e+01 -2.050186678870690393e+00
-2.880950834968948326e-01 7.722159147510923916e+00
-1.711918904533071384e+00 8.364693975259401171e+00
-2.040833598162430818e+00 1.992929821530050383e+00
9.538962878268629098e+00 -2.200131379606483417e+00
1.773247791812353036e+00 7.676247775926137162e-01
8.788024690832866526e+00 -2.993644014964002231e+00
-1.222560642556136168e+00 2.848144441100833202e+00
-1.577954902528574399e+00 7.176317579108395961e+00
9.999165285866769892e+00 -3.174832486319052016e+00
